ensemble_size: 4
loss: 0.736190915107727
seed: 42
sparse_categorical_accuracy: 0.7372469902038574
