ensemble_size: 4
loss: 0.7796752452850342
seed: 42
sparse_categorical_accuracy: 0.7258373498916626
