categorical_accuracy: 0.5440999865531921
ensemble_size: 3
loss: 1.5665549039840698
seed: 42
