ensemble_size: 5
loss: 0.7612088918685913
seed: 42
sparse_categorical_accuracy: 0.7314397692680359
