ensemble_size: 2
loss: 0.894187867641449
seed: 42
sparse_categorical_accuracy: 0.7110361456871033
