ensemble_size: 3
loss: 0.8745350241661072
seed: 42
sparse_categorical_accuracy: 0.7121626734733582
