ensemble_size: 2
loss: 0.7525022625923157
seed: 42
sparse_categorical_accuracy: 0.7328312993049622
