ensemble_size: 5
loss: 0.8851450681686401
seed: 42
sparse_categorical_accuracy: 0.7088072299957275
