ensemble_size: 4
loss: 0.8869753479957581
seed: 42
sparse_categorical_accuracy: 0.7137771248817444
