ensemble_size: 4
loss: 0.86650151014328
seed: 42
sparse_categorical_accuracy: 0.691524088382721
