categorical_accuracy: 0.5896999835968018
ensemble_size: 5
loss: 1.5254158973693848
seed: 42
