ensemble_size: 5
loss: 0.7641956806182861
seed: 42
sparse_categorical_accuracy: 0.7274578213691711
