ensemble_size: 2
loss: 0.8289192318916321
seed: 42
sparse_categorical_accuracy: 0.7103493809700012
