ensemble_size: 4
loss: 0.8986662030220032
seed: 42
sparse_categorical_accuracy: 0.7081566452980042
