ensemble_size: 4
loss: 0.7788425087928772
seed: 42
sparse_categorical_accuracy: 0.7308313250541687
