ensemble_size: 3
loss: 0.7783020734786987
seed: 42
sparse_categorical_accuracy: 0.7262530326843262
