ensemble_size: 3
loss: 0.8088099360466003
seed: 42
sparse_categorical_accuracy: 0.7159337401390076
