ensemble_size: 4
loss: 0.769002377986908
seed: 42
sparse_categorical_accuracy: 0.7245060205459595
