ensemble_size: 2
loss: 0.7865685820579529
seed: 42
sparse_categorical_accuracy: 0.721234917640686
