ensemble_size: 4
loss: 0.7495092749595642
seed: 42
sparse_categorical_accuracy: 0.735204815864563
