ensemble_size: 4
loss: 0.7842496037483215
seed: 42
sparse_categorical_accuracy: 0.7274819016456604
