ensemble_size: 2
loss: 0.8987159132957458
seed: 42
sparse_categorical_accuracy: 0.6963674426078796
