categorical_accuracy: 0.6611999869346619
ensemble_size: 4
loss: 1.1852420568466187
seed: 42
