ensemble_size: 3
loss: 0.752876877784729
seed: 42
sparse_categorical_accuracy: 0.7344156503677368
