ensemble_size: 2
loss: 0.750333845615387
seed: 42
sparse_categorical_accuracy: 0.7360000014305115
