ensemble_size: 3
loss: 0.7383636236190796
seed: 42
sparse_categorical_accuracy: 0.7387530207633972
