ensemble_size: 5
loss: 0.7672953605651855
seed: 42
sparse_categorical_accuracy: 0.7272831201553345
