ensemble_size: 2
loss: 0.7680375576019287
seed: 42
sparse_categorical_accuracy: 0.7325301170349121
