ensemble_size: 3
loss: 0.761027991771698
seed: 42
sparse_categorical_accuracy: 0.7332108616828918
